x = 3.140000
y = -2.500000
z = 0.000000
sum = 0.640000
product = -7.850000
division = -1.256000
x after assignment = 9.990000