a = 10
-a = -10
b = -10
-b = 10
x = 5.500000
-x = -5.500000
y = -5.500000
-y = 5.500000
c = 0
-c = 0
-a + 20 = 10
-(a + 5) = -15
i = 5
after i++: 6
after i--: 5
after ++i: 6
after --i: 5